0 0 0 1.06897e+06 0 0 0 0 0 996452 0 0 72518.3 0 0 0 0 0 0 0 0 0 0 90.3202 4.99093 0 0 0
0.0512695 0 0 1.05146e+06 0 0 0 0 0 989353 0 0 62102.1 0 0 0 0 0 0 0 0 0 0 90.3202 4.99093 0 0 0
0.101074 0 0 1.03875e+06 0 0 0 0 0 982424 0 0 56327.5 0 0 0 0 0 0 0 0 0 0 90.3202 4.99093 0 0 0
0.150146 0 0 1.03782e+06 0 0 0 0 0 976912 0 0 60911.1 0 0 0 0 0 0 0 0 0 0 90.3202 4.99093 0 0 0
0.200684 0 0 1.03737e+06 0 0 0 0 0 975141 0 0 62233.1 0 0 0 0 0 0 0 0 0 0 90.3202 4.99093 0 0 0
0.250488 0 0 1.03466e+06 0 0 0 0 0 971792 0 0 62863.6 0 0 0 0 0 0 0 0 0 0 90.3202 4.99093 0 0 0
0.300293 0 0 1.02862e+06 0 0 0 0 0 967667 0 0 60956.2 0 0 0 0 0 0 0 0 0 0 90.3202 4.99093 0 0 0
0.350098 0 0 1.02937e+06 0 0 0 0 0 966889 0 0 62477 0 0 0 0 0 0 0 0 0 0 90.3202 4.99093 0 0 0
0.400635 0 0 1.02427e+06 0 0 0 0 0 961982 0 0 62290.6 0 0 0 0 0 0 0 0 0 0 90.3202 4.99093 0 0 0
0.450439 0 0 1.02159e+06 0 0 0 0 0 959842 0 0 61749.2 0 0 0 0 0 0 0 0 0 0 90.3202 4.99093 0 0 0
0.500244 0 0 1.0213e+06 0 0 0 0 0 957104 0 0 64191.5 0 0 0 0 0 0 0 0 0 0 90.3202 4.99093 0 0 0
0.550049 0 0 1.01639e+06 0 0 0 0 0 953680 0 0 62709.4 0 0 0 0 0 0 0 0 0 0 90.3202 4.99093 0 0 0
0.600586 0 0 1.01216e+06 0 0 0 0 0 951351 0 0 60809.1 0 0 0 0 0 0 0 0 0 0 90.3202 4.99093 0 0 0
0.650391 0 0 1.00944e+06 0 0 0 0 0 949907 0 0 59530.2 0 0 0 0 0 0 0 0 0 0 90.3202 4.99093 0 0 0
0.700195 0 0 1.01022e+06 0 0 0 0 0 948911 0 0 61307 0 0 0 0 0 0 0 0 0 0 90.3202 4.99093 0 0 0
0.750732 0 0 1.01552e+06 0 0 0 0 0 952681 0 0 62839.1 0 0 0 0 0 0 0 0 0 0 90.3202 4.99093 0 0 0
0.800537 0 0 1.01905e+06 0 0 0 0 0 955642 0 0 63412.1 0 0 0 0 0 0 0 0 0 0 90.3202 4.99093 0 0 0
0.850342 0 0 1.02219e+06 0 0 0 0 0 957728 0 0 64464 0 0 0 0 0 0 0 0 0 0 90.3202 4.99093 0 0 0
0.900146 0 0 1.0217e+06 0 0 0 0 0 958004 0 0 63698.5 0 0 0 0 0 0 0 0 0 0 90.3202 4.99093 0 0 0
0.950684 0 0 1.01376e+06 0 0 0 0 0 953619 0 0 60136.2 0 0 0 0 0 0 0 0 0 0 90.3202 4.99093 0 0 0
1.00049 0 0 1.0126e+06 0 0 0 0 0 950572 0 0 62026.5 0 0 0 0 0 0 0 0 0 0 90.3202 4.99093 0 0 0
1.05029 0 0 1.01162e+06 0 0 0 0 0 949821 0 0 61800.7 0 0 0 0 0 0 0 0 0 0 90.3202 4.99093 0 0 0
1.1001 0 0 1.01057e+06 0 0 0 0 0 948127 0 0 62446.2 0 0 0 0 0 0 0 0 0 0 90.3202 4.99093 0 0 0
1.15063 0 0 1.00836e+06 0 0 0 0 0 945712 0 0 62647.9 0 0 0 0 0 0 0 0 0 0 90.3202 4.99093 0 0 0
1.20044 0 0 1.00991e+06 0 0 0 0 0 946606 0 0 63303.9 0 0 0 0 0 0 0 0 0 0 90.3202 4.99093 0 0 0
1.25024 0 0 1.00187e+06 0 0 0 0 0 938534 0 0 63335.9 0 0 0 0 0 0 0 0 0 0 90.3202 4.99093 0 0 0
1.30005 0 0 992333 0 0 0 0 0 929906 0 0 62427.1 0 0 0 0 0 0 0 0 0 0 90.3202 4.99093 0 0 0
1.35059 0 0 985836 0 0 0 0 0 925006 0 0 60830.1 0 0 0 0 0 0 0 0 0 0 90.3202 4.99093 0 0 0
1.40039 0 0 985170 0 0 0 0 0 924914 0 0 60255.8 0 0 0 0 0 0 0 0 0 0 90.3202 4.99093 0 0 0
1.4502 0 0 988215 0 0 0 0 0 925599 0 0 62615.8 0 0 0 0 0 0 0 0 0 0 90.3202 4.99093 0 0 0
1.50073 0 0 984573 0 0 0 0 0 922229 0 0 62344.3 0 0 0 0 0 0 0 0 0 0 90.3202 4.99093 0 0 0
1.55054 0 0 987190 0 0 0 0 0 925018 0 0 62172 0 0 0 0 0 0 0 0 0 0 90.3202 4.99093 0 0 0
1.60034 0 0 989147 0 0 0 0 0 926744 0 0 62402.3 0 0 0 0 0 0 0 0 0 0 90.3202 4.99093 0 0 0
1.65015 0 0 987313 0 0 0 0 0 924796 0 0 62516.8 0 0 0 0 0 0 0 0 0 0 90.3202 4.99093 0 0 0
1.70068 0 0 990735 0 0 0 0 0 928087 0 0 62647.8 0 0 0 0 0 0 0 0 0 0 90.3202 4.99093 0 0 0
1.75049 0 0 991289 0 0 0 0 0 929340 0 0 61949.2 0 0 0 0 0 0 0 0 0 0 90.3202 4.99093 0 0 0
1.80029 0 0 990544 0 0 0 0 0 927456 0 0 63088 0 0 0 0 0 0 0 0 0 0 90.3202 4.99093 0 0 0
1.8501 0 0 984237 0 0 0 0 0 922025 0 0 62211.6 0 0 0 0 0 0 0 0 0 0 90.3202 4.99093 0 0 0
1.90063 0 0 977330 0 0 0 0 0 913323 0 0 64006.8 0 0 0 0 0 0 0 0 0 0 90.3202 4.99093 0 0 0
1.95044 0 0 969667 0 0 0 0 0 907485 0 0 62182.3 0 0 0 0 0 0 0 0 0 0 90.3202 4.99093 0 0 0
2.00024 0 0 969497 0 0 0 0 0 908817 0 0 60679.6 0 0 0 0 0 0 0 0 0 0 90.3202 4.99093 0 0 0
2.05005 0 0 966110 0 0 0 0 0 904022 0 0 62087.9 0 0 0 0 0 0 0 0 0 0 90.3202 4.99093 0 0 0
2.10059 0 0 961247 0 0 0 0 0 898725 0 0 62521.6 0 0 0 0 0 0 0 0 0 0 90.3202 4.99093 0 0 0
2.15039 0 0 960825 0 0 0 0 0 899609 0 0 61216.4 0 0 0 0 0 0 0 0 0 0 90.3202 4.99093 0 0 0
2.2002 0 0 959981 0 0 0 0 0 898061 0 0 61919.7 0 0 0 0 0 0 0 0 0 0 90.3202 4.99093 0 0 0
2.25073 0 0 957718 0 0 0 0 0 896886 0 0 60832.5 0 0 0 0 0 0 0 0 0 0 90.3202 4.99093 0 0 0
2.30054 0 0 961009 0 0 0 0 0 899732 0 0 61276.8 0 0 0 0 0 0 0 0 0 0 90.3202 4.99093 0 0 0
2.35034 0 0 961061 0 0 0 0 0 897465 0 0 63596 0 0 0 0 0 0 0 0 0 0 90.3202 4.99093 0 0 0
2.40015 0 0 960313 0 0 0 0 0 896573 0 0 63740.3 0 0 0 0 0 0 0 0 0 0 90.3202 4.99093 0 0 0
2.45068 0 0 961509 0 0 0 0 0 898898 0 0 62611.5 0 0 0 0 0 0 0 0 0 0 90.3202 4.99093 0 0 0
2.50049 0 0 954966 0 0 0 0 0 893934 0 0 61032.7 0 0 0 0 0 0 0 0 0 0 90.3202 4.99093 0 0 0
2.55029 0 0 951696 0 0 0 0 0 891503 0 0 60192.5 0 0 0 0 0 0 0 0 0 0 90.3202 4.99093 0 0 0
2.6001 0 0 954169 0 0 0 0 0 892453 0 0 61715.7 0 0 0 0 0 0 0 0 0 0 90.3202 4.99093 0 0 0
2.65063 0 0 964559 0 0 0 0 0 902518 0 0 62041.4 0 0 0 0 0 0 0 0 0 0 90.3202 4.99093 0 0 0
2.70044 0 0 967152 0 0 0 0 0 903209 0 0 63943.6 0 0 0 0 0 0 0 0 0 0 90.3202 4.99093 0 0 0
2.75024 0 0 965516 0 0 0 0 0 902789 0 0 62727.8 0 0 0 0 0 0 0 0 0 0 90.3202 4.99093 0 0 0
2.80005 0 0 965465 0 0 0 0 0 902270 0 0 63194.8 0 0 0 0 0 0 0 0 0 0 90.3202 4.99093 0 0 0
2.85059 0 0 963704 0 0 0 0 0 901584 0 0 62119.7 0 0 0 0 0 0 0 0 0 0 90.3202 4.99093 0 0 0
2.90039 0 0 959612 0 0 0 0 0 898314 0 0 61298.3 0 0 0 0 0 0 0 0 0 0 90.3202 4.99093 0 0 0
2.9502 0 0 962009 0 0 0 0 0 899152 0 0 62856.2 0 0 0 0 0 0 0 0 0 0 90.3202 4.99093 0 0 0
3 0 0 961769 0 0 0 0 0 899870 0 0 61899.5 0 0 0 0 0 0 0 0 0 0 90.3202 4.99093 0 0 0
